base <- 171 # years 2021-1850
height <- 55000000000
.5 * (base * height)
